# unix_time, cycles_done, cur_path, paths_total, pending_total, pending_favs, map_size, unique_crashes, unique_hangs, max_depth, execs_per_sec
1525554370, 0, 0, 1, 1, 0, 0.00%, 0, 0, 1, 1.24
1525554375, 9, 0, 1, 0, 0, 0.00%, 0, 0, 1, 782.33
1525554380, 25, 0, 1, 0, 0, 0.00%, 0, 0, 1, 795.52
1525554385, 41, 0, 1, 0, 0, 0.00%, 0, 0, 1, 800.07
1525554390, 57, 0, 1, 0, 0, 0.00%, 0, 0, 1, 806.35
1525554395, 73, 0, 1, 0, 0, 0.00%, 0, 0, 1, 811.69
1525554401, 90, 0, 1, 0, 0, 0.00%, 0, 0, 1, 811.57
1525554406, 106, 0, 1, 0, 0, 0.00%, 0, 0, 1, 805.03
1525554411, 122, 0, 1, 0, 0, 0.00%, 0, 0, 1, 807.80
1525554416, 138, 0, 1, 0, 0, 0.00%, 0, 0, 1, 808.72
1525554421, 155, 0, 1, 0, 0, 0.00%, 0, 0, 1, 818.94
1525554426, 171, 0, 1, 0, 0, 0.00%, 0, 0, 1, 821.45
1525554431, 187, 0, 1, 0, 0, 0.00%, 0, 0, 1, 827.82
1525554436, 204, 0, 1, 0, 0, 0.00%, 0, 0, 1, 833.13
1525554441, 220, 0, 1, 0, 0, 0.00%, 0, 0, 1, 831.02
1525554446, 236, 0, 1, 0, 0, 0.00%, 0, 0, 1, 830.21
1525554451, 253, 0, 1, 0, 0, 0.00%, 0, 0, 1, 831.48
1525554457, 269, 0, 1, 0, 0, 0.00%, 0, 0, 1, 830.79
1525554462, 286, 0, 1, 0, 0, 0.00%, 0, 0, 1, 830.69
1525554467, 302, 0, 1, 0, 0, 0.00%, 0, 0, 1, 825.67
1525554472, 318, 0, 1, 0, 0, 0.00%, 0, 0, 1, 826.54
